0
0
0
0
36621,1000000001
36625,7164306137
36630,3328612273
73256,0492918405
73265,2821530677
73274,515014295
109904,847875522
109918,697167363
146553,646459204
109951,012181658
146585,961473499
146604,427195954
183243,992918408
183267,075071476
183290,157224544
219934,239377612
219961,937948687
219989,636519763
256638,435090839
220049,650092528
256698,448663604
293351,863665293
293388,795097596
293425,726529899
293462,657962202
330120,689394505
330162,237257422
330203,785120338
366866,432983255
366912,597276785
366958,761570315
403626,025863845
403676,806587988
440348,687312132
440404,084466889
440459,481621647
477135,978776404
477195,992361775
477256,005947146
477316,019532517
513997,133117888
514061,763133873
550747,493149857
550816,739596455
550885,986043053
587576,332489652
587650,195366863
587724,058244075
624419,021121287
624497,500429112
624575,979736938
624654,459044763
661354,038352588
661437,134091027
661520,229829466
698224,425567905
698312,137736957
735020,94990601
735113,278505676
735205,607105342
735297,935705009
772011,364304675
772108,309334955
772205,254365234
808923,299395514
809024,860856408
845747,4223173
845853,600196201
845959,778075103
846065,955954004
882793,233832905
882904,028142419
883014,822451934
919746,716761449
919862,127501577
919977,538241705
956714,048981834
956834,076152575
956954,103323317
993695,230494059
993819,874095414
993944,51769677
1030690,26129813
1030819,52133009
1030948,78136206
1067699,14139403
1067833,01785662
1067966,8943192
1068100,77078178
1104855,74724436
1141615,34013756
1141758,44946137
1141901,55878518
1142044,66810899
1178808,8774328
1178956,60318722
1215725,42894165
1215877,77112668
1216030,11331172
1216182,45549676
1252955,89768179
1253112,85629745
1289890,9149131
1290052,48995936
1290214,06500562
1326996,74005189
1327162,93152877
1363950,22300564
1364121,03091314
1364291,83882063
1364462,64672812
1401254,45463561
1401429,87896111
1401605,30328661
1438401,82761211
1438581,86836822
1475383,00912433
1475567,66631106
1475752,32349779
1475936,98068451
1512742,73787124
1512932,01148858
1513121,28510592
1549931,65872326
1550125,54877121
1586940,53881917
1587139,04529773
1623958,6517763
1624161,77468548
1660985,99759466
1661193,73693446
1661401,47627425
1698230,31561405
1698442,67138445
1735276,12715486
1735493,09935588
1735710,0715569
1772548,14375793
1772769,73238956
1772991,3210212
1809834,00965283
1810060,21471508
1846907,51977733
1847138,34127019
1847369,16276305
1884221,08425592
1884456,52217939
1884691,96010287
1921548,49802635
1921788,55238044
1922028,60673452
1958889,76108861
1959134,43187332
1959379,10265802
1996244,87344272
1996494,16065804
2033364,44787336
2033618,35150668
2070493,35514001
2070751,87520394
2107631,49526788
2107894,63176243
2108157,76825699
2145042,00475154
2181930,8576767
2182203,22703248
2182475,59638826
2219369,06574404
2256267,15153043
2219927,65374744
2256825,73953383
2257107,34175084
2257388,94396784
2330912,74618485
2331203,58126308
2258252,21634132
2331776,01855832
2368687,95363656
2368983,4051454
2405899,95665425
2406200,02459371
2406500,09253317
2443421,26047263
2443725,94484271
2480651,72921278
2480961,03001347
2481270,33081416
2518200,73161484
2518514,64884614
2518828,56607745
2555763,58330875
2592703,11697066
2593026,26705058
2593349,41713051
2630293,66721043
2630621,43372097
2630949,2002315
2667898,06674204
2631609,34968319
2705179,31619373
2705516,31556549
2705853,31493725
2742811,41430902
2779774,13011139
2780120,36234438
2817087,69457737
2817438,54324098
2817789,39190458
2854761,34056819
2855116,8056624
2892093,37075662
2892453,45228145
2929434,63380629
2929799,33176173
3003406,22971718
2967159,06053385
2967528,37491991
3004518,78930597
3041513,82012264
3041892,36736992
3042270,91461721
3079270,5618645
3079653,72554239
3116657,9892203
3117045,76932881
3154054,64943732
3191068,14597645
3191465,15894619
3191862,17191593
3228880,18488567
3229281,81427342
3229683,44366116
3266706,17304891
3303733,51886727
3304144,38111625
3304555,24336522
3341587,2056142
3342002,68429379
3379039,26297338
3416080,45808358
3416505,1696244
3416929,88116521
3453975,69270603
3454405,02067746
3491455,44864889
3528510,49305093
3528949,05388359
3529387,61471624
3566447,2755489
3603511,55281217
3603959,34650606
3604407,14019994
3641476,03389382
3678549,54401832
3679006,57057343
3716084,69712854
3716546,34011427
3753629,08309999
3754095,34251633
3754561,60193267
3791648,86134901
3792119,73718335
3829211,7130177
3866308,30528266
3866788,41397823
3903889,62267381
3904374,34779999
3941480,17292618
3978590,61448298
3979084,5724704
3979578,53045781
4016693,58844522
4017192,16286325
4054311,83728128
4091436,12812992
4091943,93540918
4129072,84268843
4166206,3663983
4203344,50653878
4203866,16310988
4204387,81968097
4241530,57625207
4278677,94925378
4279208,8386861
4316360,82811842
4316896,33398136
4354052,9398443
4354593,06213785
4391754,2844314
4428920,02315556
4429469,37829773
4430018,7334399
4467189,18858208
4504364,26015486
4504922,84815826
4542102,53616166
4542665,74059567
4579850,04502968
4617038,96589431
4617611,40318955
4654804,94048479
4655381,99421064
4692580,14793649
4729782,91809296
4730369,20468004
4767576,59126712
4804788,59428482
4805384,11373312
4842600,73318143
4879821,96906035
4880426,72136989
4917652,57367942
4954883,04241957
4955497,02759033
4992732,01276109
4993350,61434986
5030590,31593863
5031213,53395802
5068457,8519774
5105706,7864274
5106339,23730801
5143592,78818862
5180850,95549984
5181492,63924168
5218755,42298352
5256022,82315597
5256673,73975903
5330566,8563621
5331227,00582639
5368508,25529068
5369173,02118559
5406458,88708049
5443749,36940601
5444423,36816214
5481718,46691828
5519018,18210502
5519701,41372238
5557005,74533974
5594314,69338772
5631628,15786631
5632325,2387629
5669643,4196595
5706966,2169867
5707672,53074453
5744999,94450235
5782331,97469078
5783047,52130983
5820384,16792888
5857725,43097855
5858450,21045882
5932417,1899391
5969772,3022806
5970510,93105272
6007870,65982484
6008613,90502757
6045978,2502303
6083347,21186364
6120720,7899276
6121477,88442217
6158856,07891674
6196238,78984193
6233626,21718512
6234397,16095893
6271789,20473274
6309185,86493716
6309966,04157219
6347367,31820722
6384773,21127287
6458804,82076913
6459603,46312662
6533644,30548411
6534452,18070283
6571881,15592154
6609314,74757087
6646752,95565081
6647574,68016137
6685017,50467193
6722464,9456131
6759917,00298488
6797373,67678728
6834834,86702029
6835679,67367131
6873145,58032233
6910616,10340396
6948091,2429162
6948949,89885906
6986429,65480192
7023914,02717539
7061403,01597948
7098896,62121418
7136394,84287949
7173897,68097542
7174784,03550196
7212291,4900285
7249803,56098566
7287320,24837343
7324841,55219181
7362367,4724408
7399897,90912041
7400811,96221803
7474968,21531564
7475891,50127449
7513435,88723333
7550984,88962279
7588538,50844286
7626096,74369355
7627038,49537484
7664601,34705614
7702168,81516805
7739740,89971058
7777317,60068372
7814898,91808747
7852484,85192184
7890075,40218682
7927670,56888241
7928649,25200862
7966249,03513482
8003853,43469165
8078083,45067908
8079080,59951513
8116698,84835119
8154321,71361786
8191949,19531514
8229581,29344304
8230596,90800155
8304854,72256006
8342500,66997979
8380151,23383014
8381185,31411111
8418840,49439207
8493121,39110365
8494169,32067646
8531838,35024926
8569511,99625268
8607190,15868671
8644873,03753876
8682560,53282141
8720252,64453468
8757949,37267855
8795650,71725305
8833356,67825816
8871067,25569388
8908782,44956022
8946502,25985716
8984226,68658473
9021955,72974291
9059689,38933169
9097427,6653511
9135170,55780111
9172918,06668174
9247291,19199299
9248431,45015285
9286192,80831272
9323958,7829032
9398350,47392429
9399509,19780661
9437289,02168893
9475073,46200186
9512862,51874541
9587277,29191957
9625080,19795496
9662887,72042096
9664078,75931758
9738511,99821419
9776333,36997203
9814159,25816049
9851989,86276695
9889825,08380403
9927664,92127172
10002130,47517
10003363,0619296
10041216,7486891
10115696,1518792
10153563,6879306
10191435,8404126
10229312,6093252
10267193,9946684
10305079,9964422
10342970,6146467
10380865,8492817
10455386,7003474
10493295,7842617
10531209,4846066
10569127,8013821
10607050,7345882
10644978,284225
10682910,4502923
10757468,3327903
10795414,3481495
10833364,9799393
10871320,2281597
10909280,0928108
10983865,6738924
10985218,2878353
11096434,1017782
11097800,5650003
11135788,1282224
11173780,3078751
11211777,1039585
11286399,6164724
11324410,2618476
11399046,6236534
11437071,1183204
11475100,2294181
11513133,9569463
11551172,3009052
11589215,2612947
11663883,8381148
11701940,6477835
11740002,0738828
11778068,1164127
11816138,7753733
11854214,0507645
11965536,1425862
11967008,7836999
12005102,5248135
12079821,9823577
12117929,5727632
12156041,7795992
12194158,6028659
12232279,9425632
12307027,0986786
12345162,3876551
12383302,2930622
12458067,9149
12496221,669599
12534380,0407286
12572543,0282888
12647331,7322797
12685508,5691317
12760311,1224144
12761880,7085583
12836692,4947022
12911513,4137073
12949722,5655611
12987936,3338454
13026154,7185604
13064377,719706
13102605,3372822
13177458,671289
13215700,1381571
13290567,3214557
13365443,7376156
13367087,1866367
13441972,7356578
13480246,5175276
13518524,9158279
13593429,0305589
13631721,2781511
13670018,1421739
13708319,6226273
13783246,8195113
13858183,2492566
13896507,8118631
13971458,0909002
14009796,5027985
14048139,5311274
14086487,075887
14124839,3370645
14163196,2146727
14238178,8087115
14313170,6356115
14351550,5953727
14426556,2715646
14464950,0806177
14503348,5061014
14578372,6480157
14616784,9227912
14691822,8139974
14730248,9380521
14768679,6785375
14843736,1354535
14882180,7252307
14957251,0314386
14995709,4705077
15070793,6260073
15109265,9143682
15184363,9191598
15222850,0568125
15297961,8108959
15336461,7978278
15411587,5011904
15413480,2374143
15525236,2736381
15600385,0591538
15638921,9775306
15714084,6123382
15752635,3800069
15791190,7641062
15866371,7646362
15941562,0980148
15980140,5642546
16055344,746925
16130558,1624567
16205780,8108495
16281012,6921036
16319632,706219
16358257,3367649
16433507,6837415
16472146,1635792
16547410,2598476
16622683,6889647
16697966,3509429
16736637,1457824
16811933,6570525
16813997,2011838
16925924,0453151
17001243,6387383
17039951,3650226
17115284,7077376
17190627,3833013
17229358,1917261
17304714,7165816
17380080,4742983
17455455,4648762
17530839,6883153
17569612,0446157
17645010,1173467
17720417,3229389
17759212,7613797
17834633,9162511
17910064,3039838
17985503,9245777
18060952,7780328
18099789,7643492
18175252,4670961
18214103,3027043
18326200,8547431
18328449,0560612
18440560,5573792
18516064,8079891
18591578,2914602
18667101,0077926
18742632,9569861
18818174,1390409
18893724,5539569
18932663,0017342
19008227,2659294
19083800,7629859
19159383,4929036
19234975,4556826
19310576,6513227
19349565,9798241
19461802,1247561
19537430,91898
19576447,9460524
19652090,6895555
19727742,6659198
19803403,8751453
19915695,4172321
19954758,6086107
20030447,5164199
20069524,5570903
20181848,3141914
20220943,8205717
20333286,1433826
20372400,1154853
20484760,9040187
20560514,4418439
20636277,2125303
20675428,116078
20751204,6360563
20826990,4888831
20939406,6745713
21015215,6095512
21127654,8773924
21166865,7945254
21206081,3280891
21318543,6780833
21394398,6773694
21470263,0095041
21546136,5745001
21622019,3723572
21697911,4030756
21773812,6666552
21849723,1630961
21925642,7923982
22001571,7545489
22077509,9495608
22153457,3774339
22266035,1381683
22305384,5481945
22417980,7746514
22457348,6504001
22569963,2425793
22645970,6840379
22721987,3583576
22798013,2655386
22874048,4055808
22986713,8784842
23026151,0006795
23138834,8393054
23214911,5272105
23290997,4479769
23367092,6016044
23516439,1880932
23555940,9403045
23668689,5089464
23708209,7268801
23820976,6612444
23897136,444888
23973305,4613928
24086104,8107588
24162296,9094166
24238498,2409357
24314708,805316
24390928,5025576
24503778,6326477
24580021,5120297
24692894,724273
24769160,685808
24845435,8802043
24921720,3074618
24998013,8675806
25110937,860548
25187254,6028072
25300201,6779276
25376541,5023399
25489511,6596134
25565874,4661787
25642246,6055927
25718627,9778679
25831639,6830043
25944665,2374326
26021083,5411527
26134132,177734
26210573,4636072
26287024,082329
26400105,033912
26476578,7347869
26589682,768523
26666179,5515509
26742685,5674401
26855821,8161904
26932350,9142201
27045510,3451109
27158683,6252936
27235249,6547681
27348446,0171039
27425035,0287315
27538254,4732077
27614866,6669757
27728109,193605
27804744,4695262
27918010,0783085
27994668,3363827
28107957,0273055
28184638,4675202
28297950,2405961
28411275,8629638
28524615,3346234
28601347,5555748
28678088,9093874
28791460,6960486
28904846,3320017
28981624,7172467
29095033,4353528
29208455,9027508
29285271,2194281
29398716,8689666
29475555,2677969
29589023,9994884
29702506,5804718
29779381,910747
29892887,4738834
30006406,9862991
30083319,2480066
30233482,9425754
30310422,9028666
30423993,096019
30500956,1384507
30614549,5137436
30764777,8383283
30878403,5286355
30955421,9682345
31069070,6406947
31182733,2624342
31259788,6334656
31410095,4373581
31487178,5069731
31600891,9094494
31714619,0612174
31791739,0622648
31905489,3961733
32019253,5793737
32133031,6118659
32246823,49365
32360629,1247259
32474448,705081
32588282,134728
32702129,4136668
32815990,5418975
32929865,41942
33007133,1462217
33121031,2058847
33271564,2148395
33348873,4895167
33462813,0970552
33576766,4538856
33690733,7599951
33841336,0153965
33955335,6365204
34069349,0069361
34146755,226631
34297412,8791872
34411467,8974658
34525536,7650362
34639619,4818985
34753715,9480527
34904447,463486
35018576,3446419
35132719,0750895
35246875,654829
35361045,9838604
35511851,362171
35626054,106204
35740270,6995289
35891122,2421456
35968749,9504848
36119629,1916726
36270526,8985828
36384821,9712155
36499130,7931401
36613453,5643439
36727790,1848395
36878761,7546269
36993130,6901369
37107513,4749386
37258531,1090322
37372946,2088357
37523996,2579309
37638443,6727487
37752904,8368583
37904001,0502471
38018494,6293584
38133002,0577615
38284144,4354564
38398684,0788738
38549858,7715705
38664430,8299896
38815637,8377005
38930242,1111339
39044860,3338465
39196113,505851
39347385,1435779
39462054,1470273
39576736,8997685
39728054,701789
39879390,9695319
39994124,6029972
40108872,0857544
40260254,4178035
40448276,4155624
40599700,3954743
40714521,7411087
40829356,836035
40980826,9802405
41132315,5901684
41283822,6658188
41398727,0071917
41550266,3978438
41701824,2542183
41816779,4763153
41968369,6477041
42119978,1848154
42234984,1876366
42423246,2397496
42538289,1740156
42689966,9575735
42841663,3068412
42993378,1218314
43145111,4025441
43296863,0489792
43448633,2611241
43600421,9389915
43752229,0825814
43904054,5918937
44055898,6669159
44171140,1076605
44323016,4976969
44474911,2534558
44663445,6749246
44778760,9785464
44930711,2314601
45082679,8500962
45271288,1344422
45423298,4009412
45575327,1331627
45727374,2311067
45879439,8947605
46068145,1241367
46220252,2356661
46372377,9129052
46524522,0558668
46713305,7645509
46865491,3553881
47017695,5119351
47169918,1342045
47322159,2221964
47511039,7759108
47663322,4117656
47852244,6133429
47967947,6970732
48156906,7300954
48309267,845258
48498268,5261431
48650671,0891813
48803092,2179293
48992152,9123998
49144615,5890233
49333717,7313693
49486221,9558558
49675365,7460647
49827911,5184266
49980475,6565111
50206300,5603054
50358910,9626833
50548160,8307837
50700812,7810246
50890104,2969879
51116039,8951043
51232139,9917918
51421496,1377711
51610875,3659035
51763656,476189
51953077,2521843
52142521,1103326
52295366,8506341
52484852,2566454
52674360,7448097
52863892,3151271
53053446,8675976
53243024,6022086
53396004,3189726
53585623,5014591
53775265,866086
53964931,312866
54154619,7417991
54344331,3528726
54534066,0460992
54723823,7214789
54876983,478999
55103403,9022416
55329852,0240679
55483085,5444778
55709579,8305976
55862859,6153011
56052778,865727
56279342,3982934
56469312,5294435
56659305,6427467
56885943,0381903
57075987,0322175
57229432,9083979
57456139,5502881
57646252,790762
57836389,013389
58063169,5181564
58253356,6215075
58443566,7070116
58633799,9746563
58860677,424454
59087582,4728354
59277894,2197878
59504850,1488933
59695212,5765825
59922219,2864122
60149253,6948255
60339694,6018226
60566779,7909601
60757271,5786812
60984407,4485555
61211571,1170008
61402141,3840298
61629355,7332119
61819976,780965
62047241,9108712
62274534,8393485
62501855,4664095
62729203,6920541
62956579,7162699
63183983,4390693
63411414,7604524
63602252,7804065
63829734,9825137
64057244,7832047
64284782,3824667
64512347,5803123
64776561,6767291
64967565,8881601
65195214,1817442
65459511,3738994
65687219,6810689
65914955,7868095
66142719,5911337
66370510,9940416
66598330,1955206
66826177,0955833
67090672,6942296
67318579,6078777
67546514,1201094
67811097,5309122
68039092,1567293
68267114,3811301
68531785,504102
68759867,7420881
68987977,7786454
69216115,5137863
69480901,9475109
69745720,7962371
69973950,7599777
70238829,6222894
70467119,6996153
70732058,4755249
70997029,6664363
71225411,9723619
71490443,1768586
71755506,5963696
72020602,4308822
72249109,4804092
72514265,2285199
72779453,3916322
73044673,7697588
73309926,5628872
73575211,5710298
73803907,8941741
74069253,0159021
74334630,3526444
74636661,2043883
74902107,7875772
75167586,7857678
75433097,9989727
75698641,6271792
75927596,4704001
76229821,1122046
76495461,6854414
76797755,5736926
77063465,393376
77329207,4280737
77631602,9777732
77897414,2589175
78163257,9550635
78465754,9662239
78731667,9088165
78997613,0664234
79336832,839032
79602851,9595161
79868903,2950145
80171608,1455146
80437728,7274596
80740502,8244063
81043313,752798
81346161,7126219
81612425,4038907
81915342,6101612
82218296,6478767
82521287,7170244
82824315,617617
83127380,549642
83430482,3131118
83733621,108014
84036796,734361
84376630,4921404
84679884,5977953
85019796,8348825
85323129,4198452
85626499,0362402
85929905,4840801
86269969,9633523
86610076,0904875
86913602,5654981
87217166,0719411
87520766,409829
87861024,8791492
88201324,7963449
88505045,2614035
88845423,657907
89185843,7022735
89526305,1945154
89866808,3346203
90170731,8226007
90511313,4420134
90851936,5093017
91192601,1244528
91533307,3874669
91874055,0983565
92214844,457109
92555675,263737
92896547,7182279
93237461,6205944
93578417,0708238
93956035,2689161
94260457,3313145
94638158,6251452
94979284,8832821
95320452,7892819
95698283,2431572
96002917,6613261
96344210,2109272
96685544,2084039
97063540,9537434
97404962,6633892
97746426,0208978
98124551,926282
98429481,7959597
98807690,8970696
99149324,9624858
99491000,6757648
99796096,7369194
100137850,929506
100479646,569969
100821483,758294
101163362,594482
101505282,878546
101810623,710473
102152622,473844
102494662,885079
102800123,644189
103105621,434731
103411156,056718
103753348,810138
104058961,911433
104364612,04416
104670299,008332
104939401,903937
105245158,114556
105550951,356607
105820160,330103
106126022,818601
106358679,938543
106664607,057057
106933949,907016
107203325,171976
107472732,751951
107705551,44694
107975019,0405
108207897,749074
108477425,356219
108710364,178379
108943330,599122
109212945,918437
109409351,252766
109642400,869235
109875478,184288
110108583,097924
110305094,710132
110538250,504493
110734812,797437
110894777,172522
111091381,113329
111324629,136289
111484662,757821
111681335,945075
111878032,214482
112038130,366042
112198247,083312
112358382,266304
112555157,015019
112715333,645887
112838907,742464
113035737,888334
113159348,916356
113319594,793671
113479859,236695
113640142,145442
113800443,519911
113924142,160103
114047854,749574
114208202,288336
114331947,192822
114419084,846599
114579473,833237
114703260,285585
114827060,587225
114914253,638157
115038077,02195
115161914,255035
115249144,137411
115373004,452637
115460257,517154
115584140,914532
115671417,061203
115758702,440734
115845996,953127
115933300,798368
116020613,87647
116144557,287434
116231893,44769
116319238,840807
116369972,366785
116457331,609193
116544700,084463
116595456,592594
116682838,917144
116733609,374554
116821005,548395
116908410,955097
116995825,594661
117046628,367085
117097435,75594
117148247,761226
117235685,482943
117249890,237521
117337337,092098
117388172,179525
117439011,883382
117489856,203669
117540705,140387
117591558,693536
117605795,763116
117656653,932695
117744137,818705
117758388,737576
117809260,756447
117823516,291749
117874392,927051
117925274,178784
117939538,946947
117990424,81511
118004694,199704
118055584,684297
118069858,685322
118120753,786346
118135032,403801
118149311,021256
118163589,638711
118214489,356166
118228772,590051
118243055,823937
118293960,057822
118308247,908126
118322535,758429
118336823,608733
118314490,459037
118365394,692922
118379682,543226
118393970,393529
118408258,243833
118385925,094136
118400208,328022
118414491,561907
118428774,795793
118406436,929678
118420715,547133
118434994,164588
118412651,682043
118426925,683068
118441199,684092
118418852,585116
118433121,96971
118410770,254304
118425035,022467
118402678,69063
118416938,842362
118431198,994095
118408838,045827
118423093,581129
118400728,016431
118414978,935302
118392608,754174
118370233,956614
118384475,642624
118362096,228634
118376333,298214
118353949,267793
118368181,720942
118345793,074091
118323399,810809
118337623,031096
118315225,151384
118292822,655241
118307036,642667
118321250,630094
118298843,51752
118276431,888516
118290636,643093
118268220,297671
118282420,435818
118259999,473965
118237573,895682
118251764,800968
118229334,606254
118243520,895109
118221086,083964
118235267,756389
118212828,328813
118227005,384807
118204561,340801
118182112,680365
118196280,503498
118173827,226631
118187990,433333
118165532,540035
118143070,030307
118157224,004148
118134756,877988
118112285,135399
118126429,876379
118140574,617358
118118098,258338
118095617,382887
118109752,891018
118087267,299149
118101398,19085
118078907,98255
118093034,25782
118070539,43309
118084661,09193
118098782,750769
118076283,309608
118053779,252017
118067891,677995
118045383,003973
118022869,71352
118036972,906637
118051076,099754
118028558,192871
118006035,669557
118020129,629813
117997602,490068
118011691,833893
117989160,077718
117966623,705113
117980703,816076
117994783,92704
117972242,938004
117986318,432537
117963772,82707
117977843,705173
117955293,483275
117969359,744947
117946804,906619
117960866,55186
117938307,197102
117915743,125925
117929795,538318
117943847,95071
117921279,263103
117935327,059065
117912753,755027
117890175,834559
117904214,397659
117881631,86076
117895665,807431
117909699,754101
117887112,600771
117901141,931011
117841929,06125
117855949,158629
117869969,256007
117810747,153385
117861379,117903
117875394,59885
117852788,979798
117830178,744315
117844184,992402
117821570,140488
117835571,772144
117812952,3038
117790328,219026
117804320,61782
117781692,016615
117795679,798992
117773046,481368
117787029,647315
117801012,813261
117778374,879207
117792353,428722
117769710,878238
117783684,811322
117761037,644407
117775006,961062
117752355,177716
117693077,677939
117743654,245302
117757614,329095
117771574,412888
117748913,396681
117762868,864043
117703582,131406
117717528,365907
117694853,500408
117708795,118479
117722736,736549
117700057,25462
117713994,25626
117691310,1579
117668621,443109
117682549,211888
117696476,980666
117673783,649445
117651085,701793
117665004,237711
117678922,773628
117656220,209546
117670134,129033
117610805,94852
117661331,735158
117638619,938227
117652524,624865
117629808,211503
117643708,281711
117657608,351919
117634887,322126
117612161,675903
117626052,51325
117639943,350596
117617213,087942
117631099,308858
117608364,429774
117622246,034259
117636127,638744
117650009,24323
117590648,647715
117604521,019339
117581772,290963
117595640,046156
117572886,701349
117586749,840112
117563991,878875
117577850,401207
117555087,823539
117568941,729441
117546174,535342
117560023,824813
117537252,014284
117551096,687324
117564941,360365
117542165,033405
117519383,990027
117533219,430219
117547054,87041
117524269,210602
117538100,034363
117515309,758124
117565757,065455
117542966,789216
117520171,896546
117533993,487446
117511193,978346
117488389,852815
117502202,210854
117479393,468892
117493201,2105
117507008,952108
117520816,693716
117498003,335324
117475185,360501
117488983,869248
117466161,277995
117443334,070311
117457123,346197
117470912,622082
117448080,797968
117461865,457423
117439029,016878
117416187,959902
117429963,386496
117443738,813089
117420893,139683
117434663,949846
117411813,660009
117425579,853742
117402725,047474
117416486,624788
117393627,102103
117407384,062987
117421141,023871
117434897,984754
117412033,845638
117389165,090091
117402912,818114
117416660,546137
117393787,174159
117370909,185751
117384647,680913
117398386,176074
117375503,571235
117389237,449966
117329729,128697
117343453,774567
117357178,420436
117370903,066306
117348006,612175
117361726,641614
117338825,571053
117389162,084061
117366261,0135
117343355,326509
117357066,123086
117334155,819664
117347861,999811
117324947,079958
117338648,643675
117315729,107391
117329426,054677
117306502,001963
117320194,332831
117333886,663699
117310957,894566
117324645,609004
117301712,223441
117278774,221447
117292452,703024
117306131,1846
117283188,566176
117296862,431321
117310536,296466
117287589,061612
117301258,310327
117314927,559041
117291975,707756
117269019,24004
117282679,255894
117259718,171747
117273373,57117
117250407,870593
117264058,653586
117277709,436578
117254739,11957
117231764,186132
117245405,736263
117259047,286394
117236067,736525
117249704,670226
117226720,503926
117240352,821196
117217364,038466
117230991,739305
117207998,340145
117221621,424553
117235244,508962
117212246,493371
117225864,961349
117202862,429327
117216476,280887
117230090,132447
117207082,884007
117220692,119136
117197680,254265
117211284,872964
117188268,391663
117201868,393931
117178847,296199
117192442,682037
117206038,067875
117183012,353712
117196603,123119
117173572,792526
117187158,945502
117200745,098479
117177710,151455
117154670,588001
117168247,508116
117145203,328231
117158775,631916
117135726,8356
117149294,522854
117162862,210108
117139808,797362
117153371,868185
117130313,839008
117143872,293401
117120809,647794
117134363,485756
117147917,323718
117124850,06168
117175020,383211
117151953,121173
117128881,342705
117142425,947818
117119349,452932
117132889,441614
117109808,330297
117123343,702549
117136879,074802
117113793,347054
117127324,102875
117104233,758697
117117759,898088
117131286,037479
117108191,07687
117121712,59983
117098613,022791
117112129,92932
117089025,73585
117102538,025949
117116050,316048
117092941,506148
117069828,079816
117083331,137054
117096834,194292
117073716,15153
117087214,592337
117064091,933144
117077585,757521
117054458,481898
117067947,689844
117081436,89779
117058305,005736
117071789,597251
117085274,188767
117062137,680282
117075617,655367
117052476,530452
117065951,889106
117079427,24776
117056281,506415
117069752,248638
117083222,990862
117060072,733086
117036917,758891
117050379,268266
117063840,777641
117040681,187016
117054138,07996
117030973,872905
117044426,149419
117057878,425932
117034709,602446
117048157,262529
117024983,822612
117038426,866265
117015248,809918
117028687,237139
117042125,664361
117055564,091583
117032381,418805
117045815,229597
117022627,940388
116999436,034749
117012860,612679
117026285,190609
117003088,668539
117016508,630038
116993307,491538
117006722,836607
116983517,081675
116996927,810314
117010338,538952
116987128,16759
117000534,279798
116977319,292005
116990720,787782
117004122,283559
116980902,779336
116994299,658695
116971075,438054
116984467,700983
116961238,863911
116974626,510409
116988014,156907
117001401,803405
116978168,349902
116954930,27997
116968308,693606
116981687,107243
116958444,420879
116971818,218085
116985192,015291
116961944,712497
116975313,893272
116988683,074048
116965431,154823
116978795,719168
116955539,183512
116932278,031426
116945633,36291
116958988,694393
116935722,925877
116949073,64093
116962424,355983
116939153,971036
116952500,069658
116929225,06828
116942566,550472
116955908,032663
116932628,414855
116945965,280616
116959302,146377
116936017,912138
116949350,161469
116926061,310799
116939388,943699
116916095,476599
116929418,493068
116942741,509537
116919443,526006
116932761,926057
116946080,326108
116922777,62616
116936091,40978
116949405,193401
116926097,877021
116902785,944211
116916090,494971
116929395,04573
116942699,596489
116919383,047249
116932682,981577
116909361,815906
116922657,133804
116899331,351702
116912622,05317
116925912,754637
116902582,356105
116879247,341142
116892528,809748
116905810,278354
116919091,746961
116895752,115567
116909028,967742
116885684,719918
116898956,955663
116912229,191408
116888880,327153
116902147,946468
116878794,465782
116892057,468666
116905320,47155
116881962,374434
116895220,760887
116908479,14734
116885116,433793
116898370,203816
116875002,973838
116888252,127443
116901501,281048
116878129,334652
116891373,871826
116867997,309
116881237,229743
116894477,150487
116871095,97123
116884331,275543
116860945,479856
116874176,167738
116887406,85562
116864016,443502
116877242,514954
116890468,586405
116867073,557857
116880295,012877
116856895,367898
116870112,206489
116883329,045079
116859924,783669
116836515,905829
116813102,411558
116826305,400856
116839508,390155
116852711,379453
116829293,268752
116842491,64162
116819068,914487
116832262,670925
116808835,327362
116822024,467368
116835213,607375
116848402,747382
116824970,787388
116838155,310964
116814718,73454
116827898,641686
116841078,548831
116817637,355976
116794191,646691
116843983,320988
116820537,611703
116833708,285999
116810257,860296
116823423,918162
116836589,976028
116849756,033895
116826300,991761
116802841,333196
116815998,158201
116829154,983206
116805690,708211
116818842,916785
116868616,22536
116808530,850365
116821678,442508
116834826,034652
116847973,626796
116824500,118939
116837643,094652
116777543,870365
116827298,713217
116803815,9725
116780328,615352
116793457,741773
116806586,868194
116819715,994615
116796224,021037
116772727,431027
116822468,424587
116798971,834578
116812091,728138
116788590,521698
116801705,798827
116778199,975957
116791310,636655
116841042,397354
116780915,474484
116794021,518752
116807127,56302
116820233,607288
116796718,651556
116809820,079406
116786300,407257
116799397,218676
116775872,930096
116788965,125085
116802057,320074
116778528,415062
116791615,993621
116804703,572179
116781170,050737
116794253,012865
116770714,874993
116783793,22069
116796871,566387
116773328,812084
116749781,441351
116799471,654186
116812545,383453
116788998,012719
116802067,125555
116778515,138391
116754958,534796
116768018,414771
116781078,294746
116757517,07472
116770572,338264
116783627,601808
116760061,765352
116773112,412466
116786163,059579
116762592,606693
116775638,637375
116788684,668058
116801730,698741
116778155,629424
116754575,943676
116767612,741498
116780649,539319
116793686,337141
116770102,034962
116783134,216353
116759545,297744
116772572,862705
116785600,427665
116762006,992625
116775029,941168
116788052,88971
116764454,738252
116777473,070364
116790491,402476
116766888,634587
116779902,350268
116756294,96595
116769304,0652
116782313,164451
116795322,263701
116771710,262952
116784714,745771
116797719,228591
116774102,611411
116787102,4778
116800102,34419
116776481,110579
116789476,360538
116802471,610496
116778845,760455
116755215,293983
116768201,31108
116781187,328178
116757552,245275
116770533,645942
116783515,046609
116759875,347276
116772852,131512
116785828,915748
116762184,599984
116775156,76779
116751507,835595
116764475,38697
116740821,838345
116753784,77329
116766747,708234
116779710,643178
116792673,578123
116769015,413067
116781973,731581
116758311,050095
116771264,75219
116784218,454286
116760551,056382
116773500,142047
116786449,227712
116799398,313377
116775726,299042
116788670,768277
116801615,237511
116777938,606746
116790878,45955
116767197,212354
116780132,448727
116793067,6851
116769381,821474
116782312,441416
116795243,061359
116771552,581302
116784478,584814
116797404,588326
116773709,491838
116786630,878919
116762931,166001
116775847,936651
116788764,707302
116765060,377953
116777972,532173
116790884,686393
116767175,740614
116780083,278403
116756369,716193
116769272,637552
116782175,558911
116795078,48027
116771360,301629
116784258,606557
116797156,911486
116773434,116414
116786327,804912
116762600,393409
116775489,465477
116788378,537544
116801267,609611
116777535,581678
116790420,037315
116766683,392951
116779563,232157
116792443,071363
116805322,910569
116781581,749775
116794456,972563
116770711,095351
116783581,701708
116796452,308065
116809322,914423
116785572,42078
116798438,410706
116811304,400633
116787549,29056
116800410,664056
116813272,037552
116789512,311048
116802369,068114
116778604,725179
116791456,865814
116804309,006449
116817161,147084
116793392,187718
116806239,711923
116819087,236127
116795313,660331
116808156,568105
116784378,375878
116797216,667221
116810054,958564
116786272,149907
116799105,82482
116811939,499732
116788152,074644
116800981,133126
116813810,191608
116790018,15009
116802842,592141
116815667,034192
116791870,376243
116804690,201864
116817510,027484
116793708,753105
116806523,962295
116819339,171485
116832154,380675
116808348,489865
116821159,082624
116797348,675383
116846775,651725
116822965,244484
116799150,120825
116811951,480736
116824752,840647
116837554,200557
116813734,460468
116826531,203948
116802706,847428
116815498,974478
116828291,101527
116841083,228577
116817254,255626
116793420,666245
116842824,660433
116818991,071052
116795152,86524
116807931,142998
116820709,420756
116833487,698513
116809644,876271
116822418,537598
116835192,198925
116811344,760252
116824113,805148
116836882,850045
116813030,794941
116825795,223407
116838559,651873
116814702,980338
116827462,792374
116840222,604409
116816361,316444
116829116,512049
116841871,707653
116818005,803258
116830756,382432
116806885,861606
116819631,824349
116832377,787092
116845123,749836
116821248,612579
116833989,958892
116846731,305204
116859472,651517
116835592,89783
116848329,627712
116861066,357594
116837181,987476
116849914,100928
116862646,214379
116838757,327831
116851484,824864
116864212,321898
116840318,718931
116853041,599534
116865764,480137
116841866,26074
116854584,524912
116867302,789084
116843399,953256
116856113,600998
116868827,24874
116844919,796481
116857628,827792
116833716,759103
116846421,173984
116859125,588864
116871830,003745
116847913,318625
116860613,117075
116873312,915525
116886012,713975
116898712,512424
116874791,210874
116850865,292893
116863555,858482
116876246,424071
116888936,989659
116865006,455248
116877692,404406
116853757,253564
116829817,486291
116879115,302588
116855175,535315
116867852,251612
116880528,967909
116856584,584205
116869256,684071
116881928,783938
116857979,783804
116870647,267239
116883314,750675
116859361,13411
116908645,101115
116884691,484551
116860733,351555
116873391,602142
116886049,852729
116898708,103316
116874745,253903
116887398,888059
116900052,522216
116876085,056372
116888734,074098
116864761,991823
116914027,493118
116890055,410844
116902699,812139
116915344,213434
116891367,514729
116904007,299593
116880025,984458
116892661,152892
116905296,321326
116917931,489759
116893945,558193
116906576,110196
116919206,6622
116931837,214203
116907846,666206
116920472,601779
116933098,537351
116909103,372924
116921724,692066
116897724,911208
116910341,613919
116922958,31663
116862332,819342
116911561,389192
116887552,375473
116900159,845323
116876146,215173
116925370,168593
116901356,538443
116913959,391862
116926562,245282
116902543,998701
116915142,23569
116927740,472679
116903717,609668
116916311,230226
116928904,850785
116941498,471343
116917470,991901
116930059,996029
116942649,000157
116918616,904284
116931201,291981
116943785,679678
116919749,067375
116932328,838655
116944908,609934
116957488,381213
116933447,052492
116946022,20734
116958597,362189
116934551,417037
116947121,955455
116959692,493873
116935641,932291
116948207,854278
116960773,776265
116936718,598252
116949279,903809
116961841,209365
116937781,414922
116950338,104048
116962894,793174
116975451,4823
116951387,071426
116963939,144121
116976491,216817
116952422,189512
117001590,745777
116940900,618472
116953443,458307
116965986,298141
116978529,137975
116954450,877809
116966989,101213
116942906,224616
116955439,831589
116967973,438562
116943885,945535
116956414,936077
116968943,926619
116981472,917162
116957380,807704
116969905,181816
116982429,555928
116958332,830039
116970852,58772
116983372,345401
116959271,003082
116935165,144333
116984296,669165
116996811,810416
116972705,951666
116985216,476499
116961105,901331
116973611,809733
116986117,718135
116962002,526537
116974503,818508
116987005,110479
116999506,402451
116975386,594422
116987883,269962
117000379,945503
117012876,621044
116988752,196584
117001244,255694
117013736,314804
116989607,273914
117002094,716594
117014582,159273
116990448,501953
117002931,328201
117015414,15445
117064518,080699
117003763,323378
117016241,533196
117028719,743015
117004576,852833
117017050,44622
116992902,939608
117005371,916565
117017840,893522
117030309,870479
117006157,747436
117018622,107962
116994465,368488
117006925,112584
117019384,85668
117031844,600775
117007683,244871
117020138,372536
116995972,400201
117008422,911436
117020873,42267
117033323,933905
117009153,345139
116984978,139943
117034040,518317
117046486,41312
117022311,207924
117034752,486298
117047193,764671
117023013,943044
117035450,604987
117047887,266929
117023702,928872
117036134,974397
117048567,019921
117060999,065446
117036810,010971
117049237,440065
117025043,769159
117037466,581822
117049889,394485
117062312,207149
117038113,919812
117050532,116045
117062950,312278
117038747,408511
117051160,988313
117063574,568115
117075988,147917
117051780,627719
117064189,591091
117076598,554463
117089007,517834
117064795,381206
117077199,728147
117052982,975088
117065382,705598
117041161,336108
117053556,450188
117065951,564268
117078346,678347
117054120,692427
117066511,190076
117078901,687725
117054671,085375
117067056,966593
117079442,847812
117055207,62903
117067588,893818
117116591,258606
117055734,939824
117068111,588182
117080488,236539
117056243,784896
117068615,816823
117080987,84875
117056738,780676
117069106,196172
117081473,611668
117057220,027164
117069582,826242
117081945,62532
117094308,424398
117070050,123477
117082408,306124
117094766,488771
117107124,671419
117082861,754066
117095215,320283
117107568,8865
117083301,352717
117095650,302503
117144620,352289
117083731,718506
117132697,151861
117108425,001648
117120769,335003
117096492,568359
117108832,285284
117121172,002209
117096890,619134
117109225,719628
117121560,820123
117133895,920617
117109609,921111
117121940,405175
117097649,789239
117109975,656872
117122301,524505
117098006,292138
117110327,543341
117122648,794543
117098348,945746
117110665,580518
117122982,215289
117135298,850061
117110994,384833
117123306,403175
117098997,321516
117111304,723427
117123612,125337
117099298,427248
117111601,212728
117123903,998208
117099585,683688
117111883,852738
117124182,021787
117136480,190836
117112157,259886
117124450,812505
117136744,365124
117149037,917742
117124710,370361
117136999,30655
117149288,242738
117124956,178926
117137240,498696
117149524,818466
117125188,038237
117137467,741576
117149747,444916
117125406,048255
117137681,135164
117149956,222073
117162231,308982
117137885,295891
117150155,76637
117162426,236848
117138075,607327
117150341,461374
117162607,315422
117138252,06947
117150513,307087
117162774,544704
117175035,782321
117150675,919938
117162932,541125
117175189,162311
117187445,783498
117163081,304685
117138712,20944
117150959,597766
117163206,986091
117175454,374416
117151080,662742
117163323,434636
117175566,206531
117151187,878426
117163426,03389
117175664,189354
117151281,244818
117163514,783851
117175748,322885
117151360,761918
117163589,684521
117175818,607124
117151426,429727
117163650,735899
117175875,042071
117151478,248244
117163697,937985
117175917,627727
117188137,317469
117163736,00721
117175951,080534
117188166,153857
117200381,227181
117175975,200505
117188185,657398
117163775,014291
117175980,854753
117188186,695215
117200392,535678
117212598,37614
117188183,116603
117200384,340634
117175964,464666
117188161,072267
117200357,679869
117212554,28747
117188129,795071
117200321,786241
117212513,777412
117188084,668583
117200272,043322
117212459,418062
117188025,692802
117200208,451112
117212391,209421
117224573,96773
117200135,62604
117212313,767918
117224491,909797
117200048,951676
117212222,477124
117224396,002572
117199948,42802
117212117,337038
117224286,246055
117236455,155072
117212002,96409
117224167,256677
117199710,449264
117211870,12542
117224029,801576
117199568,377732
117211723,437458
117223878,497184
117199412,456909
117211562,900204
117223713,343499
117235863,786794
117211393,13009
117223538,956954
117235684,783818
117247830,610683
117223355,337547
117235496,547981
117247637,758415
117223157,968849
117235294,562864
117247431,15688
117259567,750896
117235083,244912
117247215,222497
117259347,200082
117234858,077667
117246985,438822
117259112,799976
117234619,061131
117246741,805855
117258864,550579
117234366,195303
117246484,323596
117258602,45189
117270720,580183
117282838,708476
117258335,73677
117270449,248632
117282562,760495
117258055,172358
117270164,06779
117282272,963222
117294381,858654
117233248,554086
117245348,216657
117257447,879228
117269547,541799
117281647,20437
117257125,766941
117269220,813081
117244694,759221
117256785,188931
117268875,61864
117244344,94835
117256430,761629
117268516,574908
117280602,388187
117256067,101466
117268148,298315
117280229,495163
117255689,592012
117267766,172429
117279842,752847
117291919,333265
117267374,813683
117279446,77767
117291518,741657
117303590,705644
117279041,669632
117291109,017201
117303176,36477
117278622,612339
117290685,343478
117302748,074616
117278189,705755
117290247,820463
117302305,935171
117314364,049879
117289801,064587
117301854,562864
117313908,061142
117325961,559419
117301393,957696
117313442,839543
117325491,72139
117300919,503236
117312963,768653
117325008,034069
117337052,299485
117312475,464901
117324515,113887
117336554,762872
117311973,311858
117324008,344412
117299422,276967
117348073,793092
117360108,825647
117335522,758201
117310932,074326
117322957,874019
117334983,673713
117310388,373407
117322409,55667
117334430,739933
117309830,823196
117321847,390028
117297242,856861
117309254,807263
117321266,757664
117296657,608066
117308664,942038
117320672,276009
117296058,50998
117308061,227521
117320063,945061
117332066,662602
117344069,380142
117356072,097683
117331453,715224
117343451,816334
117318828,817444
117330822,302123
117342815,786802
117318188,271482
117330177,139743
117378787,008004
117354159,492684
117329527,260945
117341511,512776
117353495,764607
117365480,016437
117340843,168268
117352822,803668
117328181,339069
117340156,358038
117352131,377008
117364106,395977
117339460,314947
117351430,717486
117363401,120024
117302129,322563
117387332,692241
117362681,99478
117374647,780888
117386613,566997
117398579,353105
117373924,039213
117385885,208891
117397846,378569
117373186,448246
117348521,901493
117360473,83831
117372425,775126
117384377,711943
117396329,648759
117371660,485576
117346986,705961
117395550,509917
117370876,730303
117382819,434258
117394762,138213
117370083,742168
117345400,729693
117357334,200787
117369267,671881
117381201,142975
117356513,514069
117405063,468732
117416996,939826
117392309,31092
117367617,065584
117379541,303816
117391465,542049
117366768,780282
117378688,402097
117390608,023912
117402527,645726
117414447,267541
117389745,789356
117401660,79474
117413575,800124
117425490,805508
117400784,710892
117412695,099846
117424605,4888
117399894,777753
117375179,450276
117423701,706368
117398986,378891
117410887,534984
117422788,691076
117471310,947168
117409974,519691
117421871,059353
117433767,599015
117445664,138676
117457560,678338
117432836,118
117444728,041231
117456619,964462
117431890,787693
117443778,094493
117419044,301294
117467548,091664
117442814,298464
117454696,988834
117466579,679204
117441841,269574
117453719,343513
117428976,317452
117477470,874961
117452727,8489
117427980,206409
117476470,147487
117488343,604996
117463595,962504
117438843,703582
117450707,92823
117462572,152877
117474436,377524
117449679,502172
117461539,110389
117473398,718605
117485258,326822
117460496,835039
117472351,826825
117484206,818611
117496061,810398
117507916,802184
117483150,69397
117495001,069325
117470230,344681
117482076,103606
117493921,862531
117505767,621456
117517613,380381
117492838,139306
117504679,281813
117516520,42432
117528361,566827
117503581,609334
117515418,13541
117527254,661486
117502470,087563
117514301,997208
117526133,906854
117501344,7165
117513172,009715
117524999,30293
117500205,496145
117512028,17293
117523850,849714
117535673,526499
117547496,203283
117559318,880068
117534520,456852
117546338,517206
117558156,57756
117533353,537914
117545166,981837
117556980,42576
117568793,869683
117543986,213607
117555795,041099
117530982,768592
117542786,979654
117554591,190716
117566395,401778
117541578,51284
117553378,107472
117565177,702103
117576977,296734
117552155,791366
117563950,769567
117575745,747768
117587540,725968
117562714,604169
117574504,965939
117586295,32771
117598085,68948
117573254,95125
117585040,69659
117560205,341929
117608607,570838
117583772,216178
117595553,345087
117607334,473996
117582494,502905
117594271,015383
117606047,527861
117617824,04034
117629600,552818
117604756,065296
117616527,961357
117628299,857417
117603450,653477
117615217,933107
117626985,212737
117602131,392367
117613894,055566
117625656,718765
117637419,381964
117649182,045163
117624323,608362
117636081,655131
117647839,701899
117659597,748668
117634734,695436
117646488,125774
117658241,556112
117669994,98645
117645127,316788
117656876,130695
117668624,944602
117643752,65851
117655496,855986
117667241,053463
117678985,25094
117690729,448416
117665852,545893
117677592,126939
117689331,707985
117701071,289031
117676189,770077
117651303,634693
117663033,982877
117674764,331062
117686494,679247
117698225,027432
117673334,275617
117685060,007371
117696785,739125
117708511,470879
117683616,102634
117695337,217957
117707058,333281
117682158,348604
117693874,847497
117705591,34639
117717307,845283
117729024,344176
117704119,743069
117715831,625532
117727543,507994
117702634,290456
117714341,556488
117726048,82252
117701134,988552
117749458,738153
117724544,904185
117736247,553786
117747950,203387
117723031,752988
117734729,786159
117746427,819329
117758125,8525
117733202,88567
117744896,302423
117756589,719175
117768283,135928
117779976,55268
117755048,869433
117766737,669755
117778426,470077
117753494,170399
117765178,35429
117776862,538181
117788546,722072
117800230,905964
117811915,089855
117786978,173746
117798657,741207
117773716,208668
117785391,159698
117797066,110728
117808741,061758
117820416,012788
117795469,863818
117807140,198417
117818810,533017
117793859,767616
117805525,485785
117817191,203954
117828856,922123
117803901,540292
117778941,54203
117790598,027338
117802254,512645
117813910,997953
117825567,48326
117837223,968568
117812259,353876
117823911,222753
117835563,09163
117847214,960507
117822245,729384
117833892,98183
117845540,234276
117857187,486723
117832213,639169
117843856,275185
117855498,911201
117867141,547216
117842163,083232
117853801,102817
117865439,122403
117877077,141988
117852094,061573
117863727,464727
117875360,867882
117886994,271037
117862006,574191
117873635,360915
117885264,147639
117860271,934363
117871896,104669
117920141,274975
117895149,061699
117906773,232005
117881776,302311
117893395,856186
117905015,410061
117916634,963936
117891633,417812
117903248,355256
117914863,292701
117926478,230146
117901472,067591
117913082,388605
117924692,709619
117936303,030633
117911292,251647
117922897,95623
117934503,660814
117946109,365397
117921093,969981
117932695,058134
117944296,146286
117955897,234439
117967498,322592
117942478,310745
117954074,782467
117965671,25419
117977267,725912
117952243,097634
117963834,952926
117975426,808217
117987018,663509
117961989,418801
117973576,657662
117948542,796523
117960125,418953
117971708,041383
117983290,663814
117994873,286244
118006455,908675
117981417,431105
117992995,437105
117967952,343105
117979525,732674
117991099,122243
118002672,511812
118014245,901381
117989198,19095
118000766,964089
118012335,737228
118023904,510366
117998852,183505
118010416,340213
118021980,496921
117996923,553629
118045104,193906
118020047,250614
118031606,790891
118043166,331169
118018104,771446
118066280,795293
118041219,23557
118052774,159417
118027707,983263
118039258,290679
118050808,598096
118062358,905512
118037288,212928
118048833,903926
118060379,594924
118071925,285922
118083470,97692
118058395,567918
118069936,642486
118081477,717053
118093018,791621
118067938,766188
118079475,224325
118091011,682462
118102548,140599
118114084,598736
118088999,956873
118100531,798579
118112063,640285
118123595,481991
118135127,323698
118110038,065404
118121565,29068
118133092,515955
118144619,741231
118156146,966506
118131053,091782
118105954,600627
118154093,693042
118165616,301887
118140517,810732
118152035,803146
118163553,79556
118138450,687975
118186585,163959
118161482,056373
118136374,332357
118147883,09191
118159391,851463
118170900,611016
118145788,27057
118157292,413692
118168796,556815
118180300,699937
118155183,74306
118166683,269752
118178182,796444
118189682,323136
118201181,849828
118176060,27652
118187555,186781
118199050,097042
118173923,907304
118185414,201135
118196904,494965
118208394,788796
118183263,982627
118194749,660027
118206235,337427
118217721,014827
118229206,692227
118204071,269627
118215552,330597
118190412,391566
118238509,836118
118213369,897087
118224846,341639
118236322,78619
118247799,230742
118222654,575293
118234126,403414
118245598,231535
118220448,959656
118268537,271346
118243387,999467
118254855,211158
118229701,322848
118241163,918107
118252626,513367
118264089,108627
118275551,703886
118250393,199146
118261851,177975
118273309,156804
118284767,135633
118296225,114462
118307683,093291
118282519,97212
118293973,334519
118305426,696917
118280258,959316
118291707,705284
118303156,451251
118314605,197219
118289432,843187
118300876,972724
118275700,002261
118323760,615368
118298583,644905
118310023,158012
118284841,571118
118296276,467794
118307711,36447
118319146,261146
118293960,057822
118305390,338068
118316820,618313
118328250,898558
118303060,078804
118314485,742618
118289290,306433
118337332,453817
118312137,017632
118323558,065016
118298358,0124
118309774,443354
118357811,974307
118332611,921692
118344028,352645
118282202,583599
118366851,981691
118341647,312644
118353059,127167
118364470,94169
118339261,656213
118350668,854305
118362076,052398
118373483,25049
118348269,348582
118359671,930244
118371074,511906
118382477,093567
118357258,675229
118368656,640473
118380054,605716
118354831,47096
118366224,819773
118377618,168586
118389011,517399
118400404,866212
118375177,115025
118386565,847408
118397954,57979
118409343,312173
118420732,044555
118395499,676938
118406883,79289
118418267,908841
118429652,024793
118404415,040745
118415794,540266
118390552,939787
118438548,922878
118413307,322399
118424682,20549
118436057,088581
118410810,871671
118422181,138331
118433551,404991
118444921,671651
118456291,938311
118431041,104971
118442406,7552
118417151,30543
118428512,339229
118439873,373027
118451234,406826
118462595,440625
